3
3 44
3 50
2 44
    ->
YES

2
2 -1
3 10
    ->
YES

2
3 44
2 66
    ->
NO

18
3 78
2 78
3 110
3 51
3 12
2 110
2 51
3 35
2 12
3 79
3 47
2 35
3 154
3 119
2 79
3 99
3 47
3 0
    ->
YES

5000
3 16302
2 16302
3 16172
2 16172
3 34992
3 6906
3 8511
2 34992
3 31345
3 42093
2 6906
3 46173
3 22858
2 8511
2 31345
2 42093
2 46173
3 1021
2 22858
2 1021
3 11272
2 11272
3 21321
2 21321
3 26933
2 26933
3 3491
3 3120
2 3491
2 3120
3 26778
3 45070
2 26778
3 23733
3 13415
2 45070
2 23733
3 35679
2 13415
2 35679
3 12539
3 30870
3 15024
2 12539
3 49942
3 32059
2 30870
2 15024
2 49942
3 45691
2 32059
2 45691
3 43445
2 43445
3 14909
2 14909
3 49534
3 11164
3 26252
2 49534
3 20412
2 11164
2 26252
3 23295
2 20412
3 32177
3 24232
2 23295
2 32177
2 24232
3 551
2 551
3 45426
2 45426
3 35458
2 35458
3 14837
2 14837
3 10987
3 31783
3 26869
2 10987
3 29775
3 27656
2 31783
3 5268
2 26869
3 27906
3 11149
2 29775
3 33969
2 27656
3 44865
3 5833
2 5268
2 27906
3 42189
2 11149
2 33969
2 44865
2 5833
3 6370
3 8726
2 42189
3 3638
2 6370
2 8726
3 8812
2 3638
3 6339
2 8812
2 6339
3 45089
3 32546
3 23696
3 19339
2 45089
2 32546
3 11447
3 44166
3 45701
2 23696
2 19339
3 26999
2 11447
3 7203
3 12178
3 4667
3 15357
3 40392
3 2312
2 44166
2 45701
2 26999
3 9911
2 7203
3 27806
2 12178
3 12180
2 4667
3 3566
3 23105
3 44343
3 5593
2 15357
3 5796
2 40392
2 2312
2 9911
3 31283
3 6144
3 42279
2 27806
3 16531
2 12180
2 3566
3 44335
2 23105
3 36134
3 31260
3 10878
2 44343
3 43441
3 12565
2 5593
2 5796
2 31283
2 6144
3 32837
3 46098
3 40988
2 42279
3 37414
2 16531
2 44335
3 3556
2 36134
3 2215
3 32131
3 12080
3 17441
2 31260
2 10878
2 43441
3 30274
2 12565
2 32837
2 46098
3 37099
2 40988
3 1694
2 37414
2 3556
3 15605
2 2215
3 6439
2 32131
3 2306
3 23636
3 10920
3 21024
3 18128
3 32299
3 11537
3 2006
2 12080
2 17441
3 16002
3 29330
2 30274
3 25302
2 37099
3 11484
2 1694
2 15605
3 17388
3 2620
3 20369
3 37953
3 28184
3 27411
3 7798
2 6439
3 17106
3 16369
2 2306
3 24069
2 23636
3 47467
2 10920
2 21024
2 18128
2 32299
2 11537
3 9088
2 2006
3 37153
3 41715
2 16002
3 48273
3 37730
2 29330
3 40141
2 25302
3 30254
2 11484
3 13061
3 27271
3 44969
3 12355
3 37971
2 17388
3 10118
3 31263
3 33330
3 33147
3 29146
3 29384
3 21234
3 35657
2 2620
2 20369
3 31649
3 18406
2 37953
3 34856
3 36159
3 2140
3 16287
3 36599
3 44115
2 28184
3 19948
3 17866
2 27411
2 7798
3 30169
3 14941
3 24759
3 30626
2 17106
3 14399
2 16369
2 24069
3 37351
3 8135
3 15090
2 47467
2 9088
3 34293
3 21153
2 37153
2 41715
3 24451
3 32972
3 19755
3 48954
3 34086
3 38546
3 37951
3 46905
3 41588
2 48273
3 29740
3 37319
3 10934
2 37730
3 27886
3 22527
3 24482
3 49875
3 35213
2 40141
3 5295
2 30254
2 13061
3 25208
2 27271
3 9761
2 44969
2 12355
3 12576
3 2698
3 13394
3 49433
3 35392
3 35190
3 45703
2 37971
3 16440
2 10118
2 31263
2 33330
2 33147
2 29146
2 29384
2 21234
2 35657
2 31649
3 46940
3 39565
2 18406
2 34856
2 36159
2 2140
3 5361
2 16287
3 46439
2 36599
3 43092
3 2260
3 28839
2 44115
2 19948
3 4765
3 39651
2 17866
2 30169
3 10717
3 20667
2 14941
3 30341
3 18519
3 24721
3 3042
2 24759
3 6800
3 29458
2 30626
3 12428
2 14399
3 5541
3 13029
2 37351
2 8135
2 15090
2 34293
3 14768
3 33777
2 21153
2 24451
3 21500
2 32972
2 19755
2 48954
2 34086
3 29061
3 11756
2 38546
3 9057
2 37951
3 47936
2 46905
2 41588
2 29740
3 41929
2 37319
2 10934
3 33063
2 27886
2 22527
3 12960
2 24482
3 18076
2 49875
2 35213
3 2144
2 5295
2 25208
3 14373
2 9761
3 32216
2 12576
2 2698
2 13394
3 45403
2 49433
3 37132
2 35392
2 35190
3 30758
2 45703
3 8374
2 16440
3 5751
3 34584
2 46940
3 41750
3 1018
2 39565
2 5361
2 46439
2 43092
2 2260
3 25882
3 45158
2 28839
3 27650
2 4765
3 16048
3 36092
2 39651
2 10717
2 20667
2 30341
3 43106
3 43610
2 18519
2 24721
2 3042
3 19398
3 3799
2 6800
3 37567
3 391
2 29458
3 12886
2 12428
2 5541
2 13029
2 14768
3 42474
2 33777
2 21500
2 29061
2 11756
3 7680
2 9057
2 47936
2 41929
2 33063
3 13858
3 5311
2 12960
3 16679
3 9194
3 33231
2 18076
2 2144
2 14373
2 32216
3 22817
3 2941
3 49639
3 23984
2 45403
2 37132
2 30758
3 35305
3 23267
3 39637
2 8374
3 9437
3 17835
2 5751
2 34584
3 25576
2 41750
3 45735
2 1018
3 38321
3 37949
3 43881
3 42547
2 25882
3 40630
2 45158
2 27650
3 48200
2 16048
2 36092
2 43106
3 37892
3 31573
3 36782
3 15101
2 43610
3 18440
3 48287
3 9228
2 19398
3 48769
3 20479
2 3799
3 39026
2 37567
3 46008
2 391
3 22856
3 31411
2 12886
3 18947
2 42474
3 44610
3 42506
3 29695
2 7680
2 13858
3 21841
2 5311
3 14602
2 16679
2 9194
3 40468
2 33231
3 9868
3 15915
3 5204
2 22817
2 2941
2 49639
2 23984
2 35305
2 23267
2 39637
2 9437
3 34113
2 17835
3 20398
3 27314
3 27369
3 47575
3 7936
2 25576
2 45735
2 38321
3 28761
3 27336
3 47317
3 22807
3 27262
2 37949
2 43881
2 42547
3 15131
3 49352
3 13487
3 12781
2 40630
2 48200
3 26005
2 37892
3 42312
3 44739
3 44839
3 40988
2 31573
3 36062
2 36782
2 15101
2 18440
2 48287
3 19579
2 9228
3 41158
3 15429
2 48769
3 34082
2 20479
2 39026
3 18090
2 46008
3 21990
3 673
3 13140
3 22699
2 22856
3 27290
2 31411
3 36338
2 18947
2 44610
3 33591
3 18900
2 42506
2 29695
2 21841
3 32073
3 44553
2 14602
3 32132
3 20251
3 45907
3 41567
2 40468
3 20096
2 9868
2 15915
2 5204
3 44241
2 34113
2 20398
3 23074
2 27314
2 27369
3 31697
2 47575
3 43168
3 736
2 7936
3 7985
3 33973
2 28761
2 27336
2 47317
2 22807
2 27262
2 15131
3 34203
3 44410
2 49352
3 3458
3 43575
2 13487
2 12781
2 26005
2 42312
2 44739
3 30640
2 44839
3 6388
2 40988
2 36062
3 46433
3 42675
2 19579
2 41158
3 4113
3 21115
3 41323
3 24554
3 17335
3 34470
3 45481
2 15429
3 11703
3 49304
3 42296
3 44573
2 34082
3 42846
2 18090
2 21990
2 673
2 13140
3 24997
3 30137
3 27640
2 22699
2 27290
3 40796
3 15219
2 36338
2 33591
3 14831
2 18900
3 26591
2 32073
3 2556
2 44553
2 32132
2 20251
2 45907
2 41567
2 20096
3 38469
2 44241
2 23074
3 7140
3 7283
2 31697
3 39363
3 13842
3 48718
2 43168
2 736
2 7985
2 33973
3 8155
3 2701
3 47019
3 30028
2 34203
3 29006
2 44410
3 29516
2 3458
3 37216
3 11432
2 43575
3 28004
3 29756
2 30640
3 29846
3 37198
2 6388
3 34959
3 12318
2 46433
3 35536
2 42675
3 16740
3 1912
2 4113
2 21115
2 41323
3 24959
2 24554
2 17335
2 34470
2 45481
2 11703
3 35047
2 49304
2 42296
2 44573
3 45472
2 42846
2 24997
3 16217
2 30137
3 45440
3 47512
2 27640
2 40796
3 18900
2 15219
2 14831
3 48105
3 14633
3 15635
2 26591
2 2556
2 38469
2 7140
3 29682
2 7283
3 35714
3 48610
3 6326
3 28033
2 39363
2 13842
3 8854
3 26803
2 48718
2 8155
2 2701
2 47019
3 19199
3 339
3 33811
3 8159
2 30028
3 22891
2 29006
2 29516
2 37216
3 29815
2 11432
2 28004
2 29756
3 27335
2 29846
2 37198
3 29426
3 12188
3 38099
2 34959
3 37038
3 10877
2 12318
3 1511
3 41219
2 35536
3 35733
3 40853
3 6649
2 16740
2 1912
2 24959
3 18449
2 35047
2 45472
2 16217
3 38351
3 34605
3 26948
2 45440
3 3260
2 47512
3 31704
3 30884
3 22439
2 18900
3 28787
2 48105
3 47160
2 14633
3 4046
2 15635
2 29682
3 39708
2 35714
3 4036
2 48610
2 6326
2 28033
3 16354
3 27338
3 3598
2 8854
3 7059
2 26803
3 35657
2 19199
2 339
3 49296
3 18935
2 33811
2 8159
2 22891
2 29815
3 28822
2 27335
2 29426
3 27291
3 13394
3 22747
2 12188
2 38099
3 19789
3 13680
3 49566
3 42128
3 38148
2 37038
2 10877
3 4079
3 12133
2 1511
2 41219
2 35733
2 40853
3 13054
2 6649
3 24917
2 18449
3 10851
3 9825
2 38351
3 29266
2 34605
2 26948
2 3260
2 31704
3 35006
3 20033
3 28518
2 30884
2 22439
2 28787
2 47160
3 7251
2 4046
3 4931
2 39708
2 4036
2 16354
2 27338
3 19179
2 3598
3 35816
2 7059
2 35657
3 17471
2 49296
2 18935
3 47565
3 27577
3 8246
3 4630
2 28822
3 18337
3 18941
3 29401
3 6065
3 43218
2 27291
3 43506
3 75
3 2300
3 39845
2 13394
3 1555
3 36807
2 22747
2 19789
2 13680
3 13126
3 31344
3 36321
3 38575
2 49566
3 16579
2 42128
3 27230
2 38148
2 4079
2 12133
3 846
3 3320
2 13054
2 24917
2 10851
3 39326
3 1023
2 9825
3 48017
3 19450
3 7278
2 29266
3 147
3 32484
3 4798
3 797
2 35006
2 20033
2 28518
3 403
3 8971
2 7251
2 4931
2 19179
3 29051
3 9618
2 35816
3 17444
3 42537
3 33123
3 49238
2 17471
2 47565
3 38677
3 8908
3 48143
3 42329
3 9555
3 31191
2 27577
2 8246
2 4630
3 32480
2 18337
3 27606
2 18941
2 29401
2 6065
2 43218
3 46272
3 40048
2 43506
3 26912
3 31778
2 75
3 43091
3 22655
3 44404
3 29922
2 2300
2 39845
3 38692
3 44599
3 49205
3 44472
2 1555
3 3220
3 18534
3 13478
2 36807
3 25342
3 29840
3 42750
3 18016
3 11114
2 13126
3 24800
2 31344
2 36321
2 38575
3 23678
2 16579
2 27230
2 846
3 34068
3 9657
2 3320
2 39326
3 49176
3 4882
2 1023
2 48017
2 19450
3 42867
3 11496
3 42748
3 17280
3 36573
3 10273
3 5724
2 7278
3 40156
2 147
2 32484
3 3852
3 46158
3 32959
2 4798
2 797
3 34197
3 29268
3 16978
2 403
2 8971
3 28045
3 1976
2 29051
2 9618
2 17444
2 42537
3 31112
2 33123
2 49238
2 38677
2 8908
2 48143
2 42329
2 9555
3 19340
2 31191
2 32480
3 14184
3 27899
3 25643
2 27606
3 4405
3 36979
2 46272
3 40594
2 40048
3 19338
3 10793
3 40406
3 47649
3 44321
3 14631
2 26912
3 19114
2 31778
2 43091
2 22655
2 44404
2 29922
2 38692
3 12886
2 44599
3 1948
2 49205
2 44472
2 3220
2 18534
3 32619
2 13478
2 25342
2 29840
3 1324
3 20725
3 38129
3 46609
2 42750
2 18016
3 22335
2 11114
3 2175
3 17568
2 24800
3 38186
3 6754
2 23678
2 34068
3 29742
2 9657
2 49176
2 4882
2 42867
3 6310
3 17422
2 11496
2 42748
2 17280
2 36573
3 47132
2 10273
2 5724
3 15644
3 8352
2 40156
2 3852
3 11690
3 24486
3 22041
3 11475
2 46158
2 32959
3 35243
3 42473
3 864
2 34197
3 25976
2 29268
2 16978
2 28045
2 1976
2 31112
2 19340
2 14184
2 27899
3 37349
2 25643
2 4405
3 4323
3 11165
2 36979
2 40594
2 19338
2 10793
2 40406
3 26050
2 47649
2 44321
3 34840
3 10606
2 14631
3 38745
2 19114
2 12886
2 1948
2 32619
3 31747
3 28090
2 1324
3 12432
2 20725
2 38129
3 17828
3 42628
2 46609
3 11951
3 26154
3 25412
3 15098
3 11571
3 48822
3 21104
2 22335
2 2175
3 28469
2 17568
3 13726
3 43156
2 38186
3 20061
3 13385
3 18698
2 6754
2 29742
3 40521
2 6310
2 17422
2 47132
2 15644
2 8352
3 21585
2 11690
3 7818
2 24486
2 22041
3 579
2 11475
3 18697
2 35243
3 15710
3 23484
3 422
2 42473
2 864
2 25976
3 48619
2 37349
3 38986
2 4323
3 29672
3 43337
3 12806
3 16001
2 11165
3 9139
3 25254
3 16240
3 46732
2 26050
3 31745
3 30144
3 23274
2 34840
2 10606
2 38745
2 31747
2 28090
3 47861
3 18161
2 12432
2 17828
2 42628
3 24763
3 3470
3 38676
2 11951
2 26154
3 8812
3 18498
3 47892
2 25412
2 15098
3 46271
3 22784
2 11571
3 16858
3 4978
3 963
3 29027
3 10771
3 44567
3 24428
2 48822
2 21104
2 28469
2 13726
3 40855
3 10728
2 43156
3 20724
3 46245
3 15869
3 41570
3 43131
2 20061
3 43650
2 13385
2 18698
2 40521
3 26330
2 21585
3 1109
2 7818
3 32239
3 48771
3 32881
2 579
2 18697
3 28201
2 15710
3 22083
3 48549
2 23484
3 36556
3 6546
3 32577
3 49785
3 45377
2 422
3 21593
3 20668
3 27215
3 31159
3 11720
3 42227
2 48619
3 44803
2 38986
2 29672
3 9099
3 12470
3 39601
2 43337
2 12806
3 47705
3 44593
2 16001
3 18900
3 39984
2 9139
3 27684
2 25254
3 7420
2 16240
2 46732
2 31745
2 30144
2 23274
2 47861
3 37038
3 24662
3 20739
2 18161
3 17545
2 24763
2 3470
3 30376
3 37843
2 38676
3 10488
3 39397
3 32574
3 38855
2 8812
3 4634
3 18111
2 18498
3 8117
2 47892
3 26173
2 46271
3 47708
2 22784
2 16858
3 36614
2 4978
3 31369
3 26840
3 4258
2 963
3 46292
3 21122
3 12265
3 36918
2 29027
3 16948
2 10771
2 44567
2 24428
3 8787
3 33574
2 40855
2 10728
2 20724
3 6224
2 46245
2 15869
3 28702
2 41570
2 43131
2 43650
2 26330
3 19221
3 9649
2 1109
2 32239
2 48771
2 32881
2 28201
3 47983
3 2184
3 28566
3 41600
3 682
2 22083
2 48549
2 36556
2 6546
2 32577
2 49785
3 23463
2 45377
2 21593
3 23154
2 20668
3 34100
3 17171
2 27215
3 38165
3 39815
3 2111
3 21052
2 31159
3 30633
2 11720
3 27090
2 42227
2 44803
3 42700
2 9099
3 44110
2 12470
2 39601
2 47705
3 28366
2 44593
2 18900
2 39984
2 27684
2 7420
3 39638
3 28852
3 6499
3 1734
2 37038
2 24662
3 32494
2 20739
2 17545
2 30376
3 10179
3 8060
2 37843
3 43096
3 33609
2 10488
3 40263
2 39397
3 46809
2 32574
2 38855
2 4634
2 18111
2 8117
2 26173
3 1749
2 47708
2 36614
2 31369
2 26840
2 4258
3 37364
2 46292
3 30845
2 21122
2 12265
2 36918
3 47738
2 16948
2 8787
2 33574
2 6224
3 14669
3 28422
2 28702
3 737
2 19221
3 48256
3 46112
2 9649
2 47983
2 2184
3 20281
3 7417
3 35221
3 41240
3 18776
3 16030
3 14763
3 31573
3 12314
2 28566
2 41600
2 682
3 39900
3 31930
3 3304
2 23463
2 23154
3 34546
2 34100
2 17171
2 38165
3 33361
3 41651
3 34305
3 13348
3 46725
3 32015
2 39815
3 43809
3 24743
3 31456
2 2111
2 21052
2 30633
3 18506
3 19176
3 40438
2 27090
2 42700
3 2760
3 19510
3 19892
3 47439
3 372
3 10601
3 3461
2 44110
3 45495
3 55
3 20769
3 12927
2 28366
2 39638
3 38048
2 28852
2 6499
3 36259
3 19374
3 10888
3 46638
3 12100
2 1734
2 32494
3 10635
3 10433
3 48356
3 2126
3 9966
3 46327
2 10179
3 32391
2 8060
3 26462
2 43096
2 33609
3 25936
3 35007
2 40263
2 46809
3 26438
3 40562
2 1749
3 11606
3 33578
3 39770
3 29018
3 45450
3 16141
3 23544
3 5896
3 40270
2 37364
2 30845
3 41215
2 47738
2 14669
3 46948
3 36804
3 36859
2 28422
2 737
3 12290
2 48256
2 46112
3 47953
2 20281
2 7417
2 35221
3 8107
3 7047
3 2053
3 2570
2 41240
3 25774
3 32415
3 41960
2 18776
3 35738
3 31386
2 16030
3 1954
2 14763
2 31573
2 12314
3 2396
2 39900
2 31930
2 3304
3 29431
3 7688
3 44839
3 6511
2 34546
2 33361
2 41651
2 34305
3 17736
2 13348
3 15482
2 46725
3 14907
2 32015
3 42138
2 43809
2 24743
3 13102
2 31456
2 18506
3 26513
3 41356
2 19176
3 28560
3 33840
3 31378
3 40914
2 40438
3 28900
3 3210
3 49558
3 39112
3 11863
2 2760
2 19510
3 34333
2 19892
2 47439
3 21612
3 23459
2 372
3 20971
2 10601
2 3461
3 18376
3 26035
3 28448
2 45495
2 55
3 19845
3 2923
2 20769
2 12927
2 38048
3 46693
2 36259
2 19374
3 34217
3 12684
3 43463
3 10880
3 28035
3 2574
3 49156
3 32810
3 24418
2 10888
2 46638
2 12100
2 10635
2 10433
3 27178
3 12803
3 2600
3 34611
3 3743
2 48356
3 21022
2 2126
2 9966
2 46327
2 32391
3 18445
3 34670
2 26462
2 25936
2 35007
3 14403
2 26438
3 42851
2 40562
2 11606
3 1722
2 33578
2 39770
2 29018
2 45450
3 7855
3 45823
3 49318
3 44207
2 16141
2 23544
3 4170
3 40334
3 35396
2 5896
3 6651
2 40270
3 26130
3 46478
3 12991
2 41215
3 10198
3 43307
3 48152
3 30010
3 47808
3 33285
3 16793
2 46948
2 36804
3 6538
3 19182
2 36859
3 49220
2 12290
3 37612
3 29428
2 47953
3 5086
3 32002
2 8107
2 7047
3 34453
2 2053
2 2570
3 28623
3 335
2 25774
3 4611
2 32415
2 41960
3 41847
3 26485
2 35738
2 31386
2 1954
3 9488
2 2396
3 11759
2 29431
2 7688
2 44839
3 20116
3 46808
2 6511
2 17736
2 15482
2 14907
3 41910
3 12917
3 3468
3 30059
2 42138
2 13102
2 26513
2 41356
2 28560
2 33840
3 18792
3 3979
2 31378
3 30882
2 40914
2 28900
3 17240
2 3210
3 44937
3 21971
3 34986
3 3037
2 49558
2 39112
3 40278
2 11863
3 2783
2 34333
2 21612
2 23459
3 25117
2 20971
3 45530
2 18376
2 26035
2 28448
3 17431
3 4123
3 26454
3 34514
3 22946
3 4159
3 48708
2 19845
2 2923
3 18816
3 39812
2 46693
3 20340
2 34217
3 21048
3 19790
2 12684
2 43463
2 10880
2 28035
2 2574
3 6445
3 1516
3 10409
2 49156
2 32810
2 24418
2 27178
2 12803
3 23101
3 5720
3 15941
2 2600
2 34611
2 3743
2 21022
2 18445
2 34670
3 29070
2 14403
2 42851
2 1722
3 7004
2 7855
3 40965
3 18618
2 45823
3 22731
3 14813
3 17624
2 49318
3 2188
3 35358
2 44207
2 4170
3 4978
2 40334
2 35396
2 6651
2 26130
3 38809
2 46478
2 12991
3 4844
3 26964
3 1849
2 10198
2 43307
2 48152
3 22867
3 17009
3 3361
3 38420
3 39644
2 30010
3 25038
2 47808
2 33285
2 16793
3 19058
3 48182
3 7088
3 37103
3 41448
3 2974
3 31562
3 9120
2 6538
2 19182
3 10504
3 31084
3 6246
3 47017
2 49220
3 16402
3 33244
3 43477
2 37612
2 29428
3 29747
2 5086
2 32002
2 34453
2 28623
3 7360
3 47118
3 19772
3 40995
2 335
2 4611
2 41847
2 26485
2 9488
2 11759
3 38620
3 18941
2 20116
3 42157
2 46808
3 28140
3 5488
2 41910
3 40037
2 12917
2 3468
2 30059
3 49330
2 18792
2 3979
2 30882
3 22626
2 17240
3 24968
3 11929
2 44937
2 21971
2 34986
3 29488
2 3037
3 29753
2 40278
3 11707
2 2783
2 25117
2 45530
3 3479
2 17431
2 4123
2 26454
2 34514
3 47604
2 22946
2 4159
3 1949
3 46266
3 41823
3 6308
3 24163
3 41773
3 46700
3 49164
3 45798
3 27028
2 48708
2 18816
3 33994
3 31304
2 39812
2 20340
3 33960
2 21048
2 19790
3 27362
3 20640
2 6445
3 43156
2 1516
2 10409
2 23101
3 33439
3 48195
3 3864
3 2503
2 5720
3 11176
3 21554
2 15941
3 4
3 29285
3 45406
2 29070
2 7004
2 40965
2 18618
3 727
3 7895
3 46515
2 22731
3 2998
3 37225
2 14813
2 17624
3 39263
2 2188
2 35358
3 31344
2 4978
3 12127
2 38809
3 6338
3 14936
3 40780
2 4844
2 26964
3 23259
2 1849
3 12564
3 17421
2 22867
2 17009
3 45004
2 3361
2 38420
3 11062
2 39644
2 25038
3 23383
3 36967
3 2995
2 19058
3 34351
3 31454
2 48182
2 7088
3 32624
3 27798
2 37103
2 41448
3 16736
3 36786
3 8450
2 2974
3 46406
2 31562
3 43047
2 9120
2 10504
2 31084
2 6246
2 47017
3 17026
3 21940
3 25673
2 16402
3 8769
2 33244
3 14461
3 30749
3 6512
2 43477
2 29747
2 7360
2 47118
2 19772
3 18099
2 40995
2 38620
3 8627
2 18941
3 32450
3 49224
3 20694
3 14186
3 39351
3 13174
2 42157
3 5980
2 28140
3 33053
3 30647
2 5488
3 19514
2 40037
3 2412
3 10360
3 48418
3 8158
3 22660
2 49330
2 22626
2 24968
2 11929
2 29488
3 36806
3 8275
2 29753
2 11707
2 3479
3 34345
3 7831
2 47604
3 37873
2 1949
2 46266
2 41823
3 14400
3 24097
2 6308
3 15444
2 24163
2 41773
2 46700
2 49164
3 24085
2 45798
3 44606
3 25743
3 39858
3 10053
3 30022
2 27028
3 16640
3 48119
3 38934
2 33994
3 33725
3 15375
2 31304
2 33960
3 40706
2 27362
3 5842
3 25985
2 20640
2 43156
3 46504
3 5137
3 20960
2 33439
2 48195
2 3864
2 2503
3 3693
3 5899
2 11176
2 21554
2 4
2 29285
3 19360
3 48316
2 45406
2 727
2 7895
2 46515
2 2998
2 37225
2 39263
3 49593
3 10509
3 40899
2 31344
2 12127
3 21121
2 6338
3 24922
3 42893
3 37895
3 6986
2 14936
2 40780
3 30234
3 44437
3 816
2 23259
3 7257
3 28371
3 37103
3 15195
3 28167
2 12564
3 5367
3 10053
2 17421
3 49226
2 45004
2 11062
2 23383
3 48552
3 8449
3 26182
2 36967
2 2995
3 44365
2 34351
2 31454
2 32624
2 27798
3 380
2 16736
2 36786
3 42769
3 40921
3 28842
3 13277
2 8450
2 46406
2 43047
2 17026
2 21940
2 25673
2 8769
3 40281
2 14461
2 30749
3 38007
2 6512
3 27654
2 18099
2 8627
2 32450
2 49224
3 44614
2 20694
3 42368
2 14186
3 40774
2 39351
3 15007
2 13174
3 43930
2 5980
2 33053
3 20893
3 42223
2 30647
2 19514
2 2412
2 10360
3 2694
3 3233
2 48418
2 8158
3 49607
2 22660
3 6240
3 30670
2 36806
2 8275
3 42664
2 34345
2 7831
2 37873
3 29138
2 14400
3 30793
2 24097
2 15444
3 41854
2 24085
2 44606
2 25743
3 27778
3 11977
3 18407
2 39858
3 36872
3 25575
2 10053
2 30022
3 11649
2 16640
2 48119
2 38934
3 26946
2 33725
2 15375
2 40706
2 5842
3 275
2 25985
2 46504
3 48055
3 21880
3 14972
3 47247
3 33235
3 24040
3 27237
3 26980
2 5137
2 20960
2 3693
3 4099
3 44639
3 43818
3 20257
3 12034
2 5899
3 34060
3 23176
3 36592
3 10607
3 46577
2 19360
3 3808
2 48316
2 49593
3 48739
3 49945
3 3687
2 10509
3 4374
3 7800
2 40899
3 35386
2 21121
3 7557
3 13646
2 24922
3 32448
2 42893
3 40734
2 37895
2 6986
2 30234
3 10921
3 44538
3 33782
3 17009
3 20889
3 19522
3 26918
2 44437
3 18832
2 816
3 39417
3 11610
2 7257
2 28371
3 34578
3 19322
2 37103
3 43407
3 10853
3 49404
2 15195
3 38646
3 39290
2 28167
2 5367
3 11790
3 31826
3 30676
2 10053
2 49226
3 49575
2 48552
3 14424
2 8449
2 26182
2 44365
3 29519
2 380
2 42769
3 34435
3 40738
2 40921
2 28842
2 13277
2 40281
2 38007
2 27654
3 2010
2 44614
2 42368
2 40774
3 46119
2 15007
3 13266
3 20862
3 37202
2 43930
2 20893
2 42223
2 2694
3 15533
3 16551
2 3233
2 49607
2 6240
2 30670
2 42664
2 29138
3 6056
3 11548
2 30793
2 41854
2 27778
2 11977
2 18407
2 36872
3 22783
2 25575
3 16527
3 9517
2 11649
3 14454
3 18288
3 46805
3 5664
2 26946
3 8462
3 39165
3 44206
3 8884
3 42043
3 13870
3 48640
3 44460
2 275
2 48055
2 21880
3 30705
2 14972
2 47247
3 25008
2 33235
3 38738
3 18253
2 24040
2 27237
3 32394
3 12411
3 34931
2 26980
3 27459
3 35977
2 4099
2 44639
3 20907
3 44238
3 31541
2 43818
3 5705
2 20257
3 19284
2 12034
3 30090
3 30670
3 44580
3 17913
3 13476
2 34060
2 23176
3 41208
2 36592
3 28840
3 33019
3 17316
3 5699
3 7086
3 44825
3 7975
2 10607
2 46577
2 3808
3 15162
3 3169
3 16408
2 48739
3 15400
2 49945
3 34925
2 3687
3 2311
2 4374
2 7800
3 26436
3 18716
2 35386
3 22557
2 7557
2 13646
2 32448
3 29225
2 40734
3 26620
3 36113
2 10921
3 10632
2 44538
2 33782
2 17009
3 12606
3 7199
3 45570
3 22065
3 47619
2 20889
3 30717
3 47460
2 19522
3 15427
2 26918
3 41416
3 25557
3 24312
3 47848
2 18832
2 39417
2 11610
3 48313
3 23545
2 34578
2 19322
3 18158
2 43407
2 10853
2 49404
3 29839
2 38646
2 39290
2 11790
3 9987
2 31826
2 30676
3 41827
2 49575
3 3070
2 14424
3 19001
2 29519
3 20669
2 34435
3 42229
3 22030
3 47117
2 40738
2 2010
2 46119
3 37423
3 25156
3 31062
2 13266
3 32910
3 48932
3 29365
2 20862
2 37202
2 15533
2 16551
3 8842
3 2789
3 24444
3 48860
2 6056
2 11548
3 16490
2 22783
2 16527
2 9517
2 14454
2 18288
3 30612
2 46805
2 5664
2 8462
3 32514
3 43611
2 39165
2 44206
3 44015
2 8884
3 49531
3 24660
2 42043
3 15635
3 46833
3 14516
3 22143
3 13690
3 39049
2 13870
2 48640
2 44460
2 30705
2 25008
3 36699
3 42284
3 7528
2 38738
2 18253
3 5591
2 32394
2 12411
3 2642
2 34931
2 27459
3 23984
2 35977
2 20907
2 44238
2 31541
2 5705
3 12682
3 48254
2 19284
2 30090
2 30670
3 17974
2 44580
2 17913
3 23453
3 11187
3 4446
2 13476
3 1389
3 23469
3 21940
2 41208
2 28840
2 33019
2 17316
2 5699
2 7086
3 22155
3 28829
2 44825
2 7975
2 15162
2 3169
3 16314
2 16408
2 15400
2 34925
3 6824
3 12693
3 33300
3 5522
2 2311
3 29748
3 24489
2 26436
3 26867
3 49121
2 18716
3 48962
2 22557
3 39451
2 29225
3 15981
2 26620
3 1318
2 36113
3 15653
2 10632
3 13855
3 23595
2 12606
2 7199
2 45570
3 12614
3 11827
2 22065
3 9847
2 47619
2 30717
2 47460
3 4129
2 15427
2 41416
3 30400
2 25557
3 19533
2 24312
2 47848
3 37114
3 28059
3 33192
2 48313
3 18626
2 23545
3 19082
3 47394
3 40971
2 18158
3 2301
2 29839
2 9987
2 41827
3 39643
3 14140
2 3070
3 21002
2 19001
3 25668
3 4779
2 20669
2 42229
3 16352
2 22030
3 47194
2 47117
3 1009
3 4028
2 37423
3 6330
3 7669
3 35059
2 25156
2 31062
3 17082
2 32910
2 48932
3 46491
2 29365
2 8842
3 7813
3 28674
3 15901
3 47039
2 2789
3 20874
2 24444
2 48860
2 16490
2 30612
2 32514
2 43611
2 44015
2 49531
3 37570
2 24660
3 20673
3 46955
3 2313
3 33696
2 15635
3 19178
2 46833
2 14516
2 22143
3 7757
2 13690
2 39049
2 36699
3 43436
2 42284
3 48901
3 48307
2 7528
2 5591
2 2642
3 2450
2 23984
2 12682
3 40894
3 43873
3 23406
2 48254
3 35745
3 38288
2 17974
2 23453
3 4359
2 11187
3 41234
2 4446
2 1389
3 14115
3 38889
3 15353
2 23469
3 33736
3 37719
3 46844
3 30897
2 21940
3 8215
3 48058
3 38715
3 25579
2 22155
3 25109
2 28829
3 36935
3 6039
2 16314
3 6052
2 6824
2 12693
2 33300
3 29596
3 11574
2 5522
2 29748
2 24489
3 36985
2 26867
2 49121
2 48962
2 39451
2 15981
2 1318
3 25069
3 46488
2 15653
3 33528
2 13855
2 23595
2 12614
3 31758
2 11827
3 31285
3 4301
2 9847
2 4129
3 11404
2 30400
3 10205
3 31107
2 19533
2 37114
2 28059
3 43840
2 33192
3 32274
3 42553
3 2934
3 41463
3 45192
3 44308
2 18626
2 19082
3 15592
2 47394
3 33352
2 40971
2 2301
3 9136
2 39643
2 14140
3 25914
2 21002
3 25889
3 39181
3 8688
2 25668
2 4779
2 16352
3 31239
3 14192
2 47194
3 38728
2 1009
3 42921
3 35265
3 43793
3 31667
2 4028
3 25197
3 14786
3 41130
2 6330
3 10130
3 46554
3 16072
3 10795
3 2929
2 7669
2 35059
3 48182
2 17082
3 13767
2 46491
2 7813
3 11924
3 30951
2 28674
3 2834
3 37217
3 36985
3 24672
3 666
3 23561
3 15958
3 48225
2 15901
3 29473
3 6738
3 46975
3 20739
2 47039
3 24947
3 6953
2 20874
2 37570
2 20673
2 46955
2 2313
3 30720
3 17862
3 7905
2 33696
2 19178
2 7757
2 43436
3 22214
2 48901
2 48307
2 2450
3 9431
2 40894
3 29791
3 4500
3 15197
3 19677
2 43873
3 9161
3 47502
3 5700
2 23406
3 42544
3 13345
2 35745
3 22552
3 13007
3 36740
3 42011
3 25870
2 38288
3 13408
2 4359
2 41234
3 19053
2 14115
2 38889
2 15353
2 33736
2 37719
3 12948
2 46844
2 30897
2 8215
3 49759
3 13252
2 48058
3 27188
3 12132
2 38715
3 3198
3 16420
2 25579
2 25109
3 11256
3 21799
2 36935
3 47901
3 11162
3 16029
3 39927
3 42978
3 23178
3 22582
3 26746
3 7826
2 6039
3 29395
3 12776
2 6052
3 8534
3 47726
2 29596
3 37757
3 5276
2 11574
2 36985
3 32329
2 25069
2 46488
2 33528
3 14991
2 31758
3 38880
2 31285
2 4301
2 11404
3 2004
2 10205
3 565
3 15718
2 31107
2 43840
2 32274
3 23096
2 42553
3 35444
3 20055
2 2934
2 41463
3 17114
2 45192
3 33794
2 44308
2 15592
3 44544
2 33352
2 9136
3 36961
3 30932
3 37479
2 25914
3 25272
3 21958
3 2330
3 20602
3 4434
3 25055
2 25889
2 39181
3 40871
3 21470
3 46812
2 8688
3 8304
3 21578
2 31239
3 9884
3 24785
2 14192
2 38728
3 14376
3 3729
3 44941
3 20408
2 42921
3 35340
2 35265
2 43793
2 31667
3 49290
2 25197
2 14786
3 3592
2 41130
3 30808
2 10130
3 24593
2 46554
3 1692
3 41887
2 16072
3 42989
2 10795
3 36329
3 36804
2 2929
3 2306
3 11259
2 48182
3 12823
2 13767
3 10926
2 11924
2 30951
2 2834
2 37217
2 36985
2 24672
3 745
3 13414
2 666
3 10543
2 23561
2 15958
2 48225
3 40068
2 29473
3 36478
2 6738
2 46975
2 20739
2 24947
3 32616
2 6953
2 30720
3 46307
2 17862
3 25249
3 27499
3 18611
2 7905
3 17843
2 22214
3 16572
2 9431
2 29791
3 32368
2 4500
2 15197
2 19677
2 9161
3 47076
3 42783
2 47502
3 15044
2 5700
3 46346
3 32100
3 10516
3 37587
3 28752
2 42544
3 49817
3 47993
2 13345
2 22552
2 13007
2 36740
3 25019
2 42011
3 32024
3 39744
3 48668
2 25870
3 27162
3 3292
2 13408
2 19053
3 24961
3 44278
2 12948
3 8771
2 49759
2 13252
3 14341
3 17483
3 46151
2 27188
2 12132
2 3198
3 47013
3 36590
2 16420
3 38566
3 49367
3 26727
2 11256
3 47751
3 49839
3 24525
2 21799
3 30000
3 21402
2 47901
2 11162
3 2638
3 24573
3 212
2 16029
3 16347
2 39927
3 34748
3 32835
3 33957
2 42978
2 23178
2 22582
3 43276
2 26746
2 7826
2 29395
3 4836
2 12776
3 11355
3 43618
3 48009
2 8534
2 47726
2 37757
2 5276
2 32329
2 14991
2 38880
2 2004
3 30455
3 40307
3 8803
2 565
2 15718
2 23096
2 35444
2 20055
2 17114
3 9161
3 37632
2 33794
3 27076
3 31339
2 44544
2 36961
3 47546
3 36248
3 38544
2 30932
2 37479
3 12767
3 40608
3 47905
2 25272
2 21958
3 32877
3 29078
2 2330
2 20602
3 49764
2 4434
2 25055
3 53
3 9503
2 40871
2 21470
2 46812
2 8304
3 46816
3 16133
3 33892
3 14408
3 47743
2 21578
3 13555
2 9884
3 18819
3 46770
3 25234
3 4277
2 24785
2 14376
2 3729
3 31151
3 18604
3 35498
3 15462
3 23627
2 44941
3 21387
2 20408
3 43569
2 35340
3 32716
3 36651
2 49290
3 31128
2 3592
3 17263
2 30808
3 21392
2 24593
2 1692
3 34878
3 41431
3 8592
3 46711
2 41887
2 42989
3 1192
2 36329
3 8050
2 36804
3 34516
3 43328
2 2306
3 2044
2 11259
2 12823
2 10926
3 7232
3 10312
3 23384
3 30625
3 13118
3 44843
2 745
2 13414
3 37265
2 10543
2 40068
2 36478
2 32616
2 46307
3 20448
3 11913
2 25249
2 27499
2 18611
2 17843
2 16572
3 2959
2 32368
3 40901
2 47076
3 44109
3 1859
2 42783
3 36569
3 17550
3 37160
3 29885
2 15044
2 46346
2 32100
3 40845
2 10516
3 19265
2 37587
3 47886
2 28752
3 9922
2 49817
3 37811
3 5336
2 47993
2 25019
3 12084
2 32024
3 2652
3 12604
2 39744
2 48668
3 29593
2 27162
3 30785
2 3292
3 16916
3 13867
3 35992
3 4243
3 18808
2 24961
2 44278
2 8771
2 14341
2 17483
3 29067
2 46151
3 4435
2 47013
3 44304
3 25668
2 36590
2 38566
3 16412
2 49367
2 26727
3 18813
2 47751
2 49839
2 24525
3 35008
2 30000
2 21402
2 2638
3 26313
2 24573
3 32567
3 1673
3 12051
2 212
3 40664
2 16347
2 34748
2 32835
2 33957
2 43276
2 4836
3 45415
3 22232
3 42460
2 11355
3 2867
2 43618
3 32362
2 48009
3 1158
3 43778
3 38633
3 44414
3 29444
3 21221
3 18874
3 49508
3 24331
3 39882
3 21296
3 22941
2 30455
2 40307
3 36112
2 8803
3 12274
2 9161
3 39552
2 37632
2 27076
3 3578
3 14521
3 46265
3 18164
2 31339
3 15243
2 47546
2 36248
3 11076
2 38544
2 12767
2 40608
2 47905
2 32877
3 4118
3 36237
2 29078
2 49764
2 53
2 9503
2 46816
3 27332
2 16133
2 33892
3 38120
2 14408
3 36588
3 27773
2 47743
2 13555
3 34512
2 18819
3 38436
3 48114
2 46770
3 49096
3 23011
3 3126
3 36899
2 25234
2 4277
3 2595
3 2092
2 31151
3 32733
2 18604
2 35498
2 15462
3 34504
2 23627
2 21387
3 9790
3 36652
2 43569
3 36844
3 39683
2 32716
2 36651
2 31128
3 40204
3 27507
2 17263
3 35759
2 21392
3 43630
2 34878
3 12223
3 21363
3 30192
2 41431
2 8592
2 46711
3 19718
2 1192
2 8050
2 34516
3 9324
2 43328
2 2044
2 7232
3 13198
2 10312
2 23384
2 30625
2 13118
3 26963
3 48888
2 44843
3 6208
3 32847
3 18910
3 24395
3 9086
2 37265
3 16320
3 3995
2 20448
2 11913
2 2959
2 40901
2 44109
2 1859
2 36569
3 10489
3 8594
3 15716
3 14511
2 17550
3 42343
2 37160
3 21293
2 29885
2 40845
2 19265
3 34990
2 47886
2 9922
2 37811
2 5336
3 9934
2 12084
3 11699
3 809
3 21006
3 8920
3 16750
2 2652
2 12604
2 29593
3 35476
3 15621
3 14041
2 30785
2 16916
2 13867
3 35171
2 35992
3 37391
3 11952
2 4243
2 18808
2 29067
2 4435
2 44304
2 25668
3 42101
2 16412
2 18813
2 35008
3 33895
2 26313
3 49517
3 45679
2 32567
3 21454
2 1673
3 39915
2 12051
3 12653
3 32549
2 40664
2 45415
3 11410
3 3363
2 22232
2 42460
3 42785
2 2867
2 32362
2 1158
2 43778
2 38633
2 44414
3 37414
3 43553
2 29444
3 41564
3 46821
2 21221
3 44661
3 47086
3 10155
3 15403
3 4722
2 18874
2 49508
3 49981
2 24331
3 37213
3 21269
3 40421
2 39882
2 21296
3 3747
2 22941
3 25068
3 7075
2 36112
3 21706
3 46877
2 12274
2 39552
2 3578
3 11394
3 21744
3 37518
2 14521
3 10520
3 24462
3 37101
3 18176
2 46265
2 18164
2 15243
2 11076
2 4118
2 36237
2 27332
3 14718
2 38120
2 36588
3 38526
2 27773
3 27894
2 34512
3 24806
2 38436
3 24583
2 48114
2 49096
3 32436
3 31417
2 23011
3 29748
3 36378
3 14134
2 3126
3 43392
3 22975
2 36899
3 45402
3 33975
3 30633
3 45067
3 33560
3 41094
2 2595
2 2092
2 32733
3 29424
3 43475
2 34504
3 3849
2 9790
2 36652
2 36844
3 412
2 39683
3 23485
3 38373
2 40204
2 27507
2 35759
2 43630
2 12223
3 35672
3 17595
3 22179
3 35217
2 21363
3 30639
2 30192
3 8932
3 24657
3 30586
2 19718
2 9324
2 13198
2 26963
2 48888
3 4061
2 6208
2 32847
3 43408
3 5475
3 47348
2 18910
3 40530
3 8403
2 24395
3 33735
2 9086
3 34010
3 20750
3 39532
2 16320
2 3995
3 29287
3 13072
3 264
3 3678
2 10489
2 8594
2 15716
2 14511
3 13377
2 42343
3 14955
3 33070
2 21293
2 34990
3 41609
2 9934
3 27446
3 30872
3 1715
2 11699
3 40816
2 809
3 12925
3 14760
2 21006
2 8920
2 16750
2 35476
2 15621
3 1669
2 14041
3 39576
2 35171
3 45083
3 1932
3 32841
2 37391
2 11952
2 42101
3 18820
2 33895
2 49517
2 45679
2 21454
2 39915
2 12653
2 32549
2 11410
2 3363
3 30069
3 23186
3 41298
2 42785
2 37414
3 14195
2 43553
3 17073
3 28830
2 41564
3 3995
3 36780
2 46821
2 44661
2 47086
2 10155
3 24810
2 15403
2 4722
2 49981
3 16242
3 7779
3 39020
3 29382
3 27246
2 37213
3 18601
3 24716
2 21269
3 43410
2 40421
2 3747
2 25068
2 7075
2 21706
2 46877
3 15489
2 11394
3 25920
2 21744
3 31471
2 37518
3 40079
2 10520
3 4237
2 24462
2 37101
2 18176
3 48875
2 14718
2 38526
3 30442
2 27894
3 11628
2 24806
2 24583
3 21194
3 32116
2 32436
3 5196
3 4354
2 31417
2 29748
2 36378
2 14134
3 27843
3 5371
3 29171
2 43392
2 22975
3 12782
3 38867
3 18005
3 35986
2 45402
2 33975
2 30633
3 32359
3 13401
2 45067
2 33560
2 41094
3 15689
2 29424
3 14569
2 43475
2 3849
2 412
2 23485
2 38373
3 3081
3 14617
2 35672
2 17595
3 19292
2 22179
3 28330
2 35217
2 30639
3 16112
3 25181
3 5600
2 8932
3 30226
3 46642
2 24657
2 30586
3 15170
2 4061
3 22629
3 49249
2 43408
3 10405
3 38669
3 42900
2 5475
2 47348
3 26829
3 35007
3 45958
2 40530
2 8403
2 33735
2 34010
3 13168
3 30583
2 20750
2 39532
2 29287
2 13072
2 264
2 3678
2 13377
3 45148
3 39825
3 9356
3 28452
3 47783
2 14955
3 45707
3 27341
3 11877
3 27855
2 33070
3 12114
3 13588
2 41609
3 34881
2 27446
2 30872
2 1715
2 40816
3 28965
2 12925
2 14760
3 41253
3 36651
3 22924
3 43575
2 1669
3 47379
3 47078
2 39576
3 820
2 45083
3 17937
2 1932
3 49580
3 20774
2 32841
2 18820
2 30069
2 23186
2 41298
3 26224
3 37179
3 17214
3 38476
3 4246
2 14195
2 17073
2 28830
2 3995
2 36780
3 16510
2 24810
3 21783
3 23709
3 37525
3 1737
2 16242
2 7779
2 39020
2 29382
3 26830
3 16309
3 29449
3 20178
2 27246
3 33395
2 18601
2 24716
3 599
3 17228
3 39860
2 43410
3 647
2 15489
3 35027
3 46124
2 25920
2 31471
2 40079
3 17476
2 4237
3 31287
3 28669
2 48875
2 30442
2 11628
2 21194
3 24859
3 30495
2 32116
3 6431
3 6178
3 38687
2 5196
3 37977
2 4354
2 27843
3 9552
2 5371
2 29171
2 12782
3 27596
2 38867
2 18005
3 38701
2 35986
3 2012
2 32359
2 13401
2 15689
3 18555
2 14569
2 3081
3 48006
3 35389
2 14617
2 19292
3 16881
2 28330
3 28695
2 16112
3 11242
3 36543
2 25181
3 25176
3 47943
3 36741
2 5600
3 25536
3 12641
3 39776
2 30226
2 46642
3 47373
2 15170
3 8182
2 22629
2 49249
2 10405
3 22840
2 38669
2 42900
2 26829
3 613
2 35007
2 45958
3 3256
2 13168
3 23999
2 30583
3 29493
3 43894
3 24176
2 45148
2 39825
3 27937
2 9356
3 13046
2 28452
3 13098
3 28414
2 47783
3 42166
2 45707
2 27341
3 44336
2 11877
3 27760
3 11958
3 20807
3 31740
3 47415
3 12701
3 42381
3 47045
3 5265
3 22285
2 27855
2 12114
3 32519
2 13588
3 31963
2 34881
2 28965
2 41253
3 49978
2 36651
2 22924
3 11817
2 43575
3 18474
2 47379
2 47078
2 820
3 30064
3 44872
2 17937
3 32553
3 926
3 26898
3 21767
2 49580
3 21900
3 239
2 20774
3 12809
3 8895
2 26224
2 37179
3 11364
2 17214
2 38476
2 4246
3 8957
3 31144
2 16510
3 42378
3 35374
2 21783
3 49517
3 34045
2 23709
2 37525
2 1737
3 1021
2 26830
3 49985
3 29036
3 33750
2 16309
2 29449
2 20178
2 33395
2 599
3 46633
3 7445
2 17228
2 39860
2 647
3 16313
3 566
3 10616
3 19408
2 35027
3 34341
3 44926
2 46124
3 6961
2 17476
3 23157
3 33627
3 21675
2 31287
2 28669
3 46580
2 24859
2 30495
2 6431
2 6178
2 38687
2 37977
3 9832
3 35680
2 9552
3 15969
2 27596
2 38701
3 39295
3 7216
2 2012
3 2393
3 40241
3 17373
3 18224
2 18555
3 40479
2 48006
2 35389
2 16881
3 7550
2 28695
3 23510
3 30647
3 25442
2 11242
3 33598
3 32041
3 14018
3 18213
3 43201
2 36543
3 4409
3 24652
2 25176
3 1691
2 47943
2 36741
3 4124
3 49283
3 21160
2 25536
2 12641
3 36299
2 39776
2 47373
3 43208
2 8182
2 22840
3 23944
2 613
2 3256
2 23999
3 25941
3 46993
3 31538
2 29493
3 7031
3 19219
3 22241
3 15122
3 36045
3 8098
3 41896
2 43894
2 24176
3 33489
2 27937
2 13046
2 13098
3 23871
3 8061
2 28414
3 49360
2 42166
3 39218
2 44336
2 27760
3 24883
3 37994
2 11958
3 38722
2 20807
2 31740
2 47415
2 12701
3 33494
2 42381
2 47045
3 21969
2 5265
3 15027
3 33792
3 28653
3 15162
2 22285
3 22779
3 4199
2 32519
2 31963
2 49978
3 3333
3 47702
2 11817
3 15421
3 21974
3 21329
3 17277
2 18474
3 40155
3 46186
3 43722
2 30064
2 44872
3 10324
2 32553
3 25337
3 35074
3 43686
3 12176
2 926
2 26898
2 21767
3 14954
2 21900
3 14350
3 40546
3 47695
3 10848
3 4086
2 239
2 12809
2 8895
2 11364
2 8957
2 31144
3 28006
2 42378
2 35374
2 49517
3 14689
2 34045
2 1021
3 6079
2 49985
2 29036
2 33750
2 46633
3 16339
2 7445
3 12981
2 16313
2 566
2 10616
2 19408
3 138
2 34341
2 44926
2 6961
2 23157
3 4578
3 14224
3 853
2 33627
3 17163
2 21675
2 46580
2 9832
2 35680
3 41242
3 41545
3 39275
2 15969
3 41665
2 39295
3 45976
2 7216
3 47392
3 36326
3 32564
3 9165
3 10677
3 17984
2 2393
2 40241
3 13912
2 17373
3 1593
2 18224
3 22820
2 40479
2 7550
2 23510
2 30647
2 25442
2 33598
3 15445
2 32041
2 14018
3 42788
2 18213
2 43201
2 4409
3 43208
3 33094
2 24652
3 11523
2 1691
3 22330
3 11843
3 16186
3 33147
2 4124
3 30373
3 5450
2 49283
3 17762
3 25392
2 21160
2 36299
2 43208
3 38400
2 23944
3 15265
3 42485
3 27522
2 25941
3 28464
3 41789
3 37768
2 46993
3 15359
2 31538
3 440
2 7031
3 25958
3 35164
3 32011
2 19219
2 22241
3 26793
2 15122
3 10471
2 36045
3 32503
2 8098
2 41896
3 47557
2 33489
3 40462
2 23871
3 5467
3 25078
2 8061
2 49360
3 37074
2 39218
3 25541
2 24883
2 37994
2 38722
3 1620
2 33494
2 21969
2 15027
3 27194
3 45777
2 33792
2 28653
2 15162
3 8174
3 36194
2 22779
3 20475
2 4199
3 19735
2 3333
3 49223
3 26775
3 19175
3 8224
2 47702
3 37322
3 23542
3 41729
2 15421
3 23096
2 21974
2 21329
3 11908
3 39949
3 26103
3 21892
2 17277
3 40144
2 40155
2 46186
2 43722
2 10324
3 26724
2 25337
3 13723
3 31443
3 4544
3 14836
2 35074
3 39727
3 45991
3 32876
3 4849
3 40486
3 46350
3 31542
3 38630
3 4603
2 43686
2 12176
2 14954
3 3397
3 2876
2 14350
3 31004
3 17496
3 41624
2 40546
2 47695
3 15
2 10848
2 4086
3 49139
3 42323
3 27367
3 37779
2 28006
3 41090
3 21390
3 35110
3 48048
3 17341
3 12737
2 14689
2 6079
3 41779
2 16339
2 12981
2 138
3 25781
3 14225
2 4578
2 14224
3 44156
2 853
2 17163
2 41242
3 14017
3 20346
2 41545
3 20492
3 13907
3 6447
2 39275
2 41665
2 45976
2 47392
3 3896
3 27616
2 36326
3 11811
2 32564
2 9165
3 36951
3 48205
2 10677
3 49210
2 17984
2 13912
2 1593
2 22820
3 25587
2 15445
2 42788
2 43208
2 33094
3 23722
2 11523
2 22330
2 11843
3 26973
2 16186
2 33147
2 30373
3 26849
2 5450
3 19869
2 17762
2 25392
2 38400
2 15265
3 42843
3 42052
3 4119
3 25005
2 42485
3 46063
2 27522
3 8701
2 28464
3 48619
3 6876
2 41789
3 38849
3 39940
3 33679
3 25973
3 21630
2 37768
2 15359
3 24697
3 18351
2 440
3 33896
3 1293
3 39265
3 3915
2 25958
3 19289
2 35164
3 31161
2 32011
2 26793
2 10471
3 19182
3 18692
2 32503
3 47450
2 47557
3 6619
2 40462
2 5467
2 25078
3 44481
3 42098
3 41012
3 20512
3 43073
2 37074
2 25541
2 1620
3 38727
3 29052
2 27194
3 25160
2 45777
2 8174
2 36194
2 20475
2 19735
2 49223
2 26775
2 19175
2 8224
3 34461
3 13516
3 3252
2 37322
3 40483
2 23542
2 41729
2 23096
2 11908
2 39949
3 1127
2 26103
2 21892
3 41149
3 6648
2 40144
2 26724
2 13723
2 31443
2 4544
2 14836
3 35338
2 39727
3 33086
3 17193
3 41434
3 34517
3 29004
3 6594
2 45991
3 13872
2 32876
3 41000
3 4016
2 4849
2 40486
2 46350
2 31542
2 38630
3 1515
3 31657
3 44825
2 4603
3 6197
2 3397
2 2876
2 31004
2 17496
2 41624
3 3
3 21731
2 15
2 49139
2 42323
2 27367
3 33262
3 28569
3 33045
3 7336
3 1233
2 37779
3 41624
3 39396
3 33726
3 9331
2 41090
3 7770
2 21390
2 35110
3 36415
2 48048
3 6325
2 17341
3 39234
2 12737
3 48924
2 41779
2 25781
2 14225
2 44156
2 14017
2 20346
2 20492
2 13907
3 29947
2 6447
2 3896
2 27616
3 22795
3 30909
2 11811
2 36951
2 48205
3 16287
2 49210
2 25587
2 23722
2 26973
3 47652
3 25230
2 26849
2 19869
2 42843
3 19623
2 42052
3 3932
2 4119
2 25005
2 46063
2 8701
2 48619
3 19627
2 6876
2 38849
3 22156
3 20718
3 24502
2 39940
2 33679
2 25973
3 9583
3 37615
2 21630
2 24697
3 43210
3 35024
3 33548
2 18351
3 4375
2 33896
3 45157
3 41677
3 21404
2 1293
3 16804
2 39265
3 33199
2 3915
3 30184
3 5610
3 16536
2 19289
2 31161
2 19182
2 18692
3 8742
3 228
3 34641
3 47182
2 47450
3 14630
3 26284
3 27981
2 6619
2 44481
3 28698
3 40171
3 13255
3 44176
2 42098
2 41012
3 7924
3 45117
2 20512
2 43073
2 38727
2 29052
3 4320
3 15538
3 16434
3 32702
2 25160
2 34461
3 28556
2 13516
2 3252
3 13107
3 37122
2 40483
3 13537
2 1127
3 46751
2 41149
2 6648
2 35338
2 33086
3 48593
2 17193
2 41434
3 47565
3 31611
2 34517
3 12960
2 29004
2 6594
3 15823
3 35158
2 13872
3 26932
2 41000
2 4016
3 14480
3 19515
3 10512
3 49013
3 10736
2 1515
3 19263
3 25892
2 31657
3 4859
2 44825
2 6197
3 16961
2 3
2 21731
3 11973
3 49539
2 33262
3 29430
2 28569
2 33045
3 29908
2 7336
3 10083
2 1233
2 41624
3 8871
2 39396
3 1527
2 33726
2 9331
3 35288
2 7770
2 36415
3 45822
2 6325
2 39234
3 22330
2 48924
3 48111
3 24946
2 29947
3 8670
2 22795
2 30909
3 23131
3 19169
2 16287
3 43587
3 10032
2 47652
3 17792
3 34695
3 39915
3 27592
2 25230
3 37315
2 19623
3 43852
2 3932
2 19627
2 22156
2 20718
3 26318
3 41148
3 49162
2 24502
3 6017
2 9583
3 707
3 17039
3 24084
3 1721
3 49372
2 37615
3 41253
3 35538
2 43210
2 35024
2 33548
2 4375
2 45157
2 41677
3 20485
3 17424
2 21404
3 33413
2 16804
3 36177
2 33199
3 49936
3 40414
2 30184
3 37335
2 5610
2 16536
2 8742
2 228
3 36769
3 6303
3 47684
3 16556
3 29339
3 26426
2 34641
3 43598
3 44706
3 38581
2 47182
3 19157
2 14630
2 26284
2 27981
2 28698
2 40171
2 13255
2 44176
3 33492
3 4609
3 11425
3 25964
3 21908
3 6290
3 46018
2 7924
2 45117
2 4320
3 27587
2 15538
2 16434
3 45569
2 32702
2 28556
2 13107
3 4129
3 29926
2 37122
3 17284
2 13537
3 29060
2 46751
2 48593
2 47565
2 31611
3 44119
3 11339
2 12960
2 15823
3 30107
2 35158
2 26932
3 40943
2 14480
3 6288
3 31193
3 19401
2 19515
2 10512
2 49013
3 36881
2 10736
3 13310
2 19263
3 5132
2 25892
3 22871
3 12379
    ->
YES