3
10 20 30
3
9 15 35
    ->
0 0 2

3
10 20 30
4
8 9 10 32
    ->
0 0 0 2

10
21 30 31 41 46 56 65 71 78 87
1
35
    ->
2

10
21 24 27 29 33 35 41 51 53 62
1
29
    ->
3

8
1 22 27 31 32 35 39 64
1000
96 17 57 12 93 68 69 72 42 54 39 54 32 50 39 14 68 9 89 6 59 30 5 85 46 88 4 96 77 96 9 31 66 3 82 61 47 67 8 93 43 42 91 27 53 38 75 74 8 27 68 70 5 38 60 6 45 24 69 54 91 28 25 11 69 54 7 16 50 1 93 27 97 75 23 63 32 79 38 58 30 96 32 99 29 91 3 95 52 35 41 78 63 67 34 34 51 90 5 64 12 19 30 78 26 55 93 83 15 86 38 44 34 10 78 79 28 62 20 5 15 47 41 47 66 73 58 9 73 35 17 6 89 72 39 99 15 69 19 4 18 30 74 62 49 72 37 9 16 15 68 91 25 28 65 12 15 50 23 37 75 80 3 62 17 77 69 91 6 14 14 39 96 14 77 16 30 42 53 52 35 78 29 89 3 48 70 63 21 47 20 76 73 43 61 76 86 3 12 66 26 50 9 15 26 89 3 98 74 36 23 21 71 44 3 73 62 89 41 71 50 53 89 76 6 77 62 42 9 70 11 64 93 15 0 8 62 7 65 11 37 65 40 30 42 56 19 94 48 39 59 13 60 83 74 83 18 92 50 32 96 65 21 20 35 84 17 41 82 15 82 46 58 75 38 38 26 24 49 41 48 21 90 9 46 37 50 4 50 22 1 55 22 56 66 15 61 41 16 86 63 39 58 43 58 8 36 84 98 25 45 47 43 5 78 72 16 48 92 58 26 56 29 21 32 72 74 53 41 46 39 16 0 47 40 89 48 50 37 70 27 74 60 38 79 83 29 47 96 57 23 50 16 31 99 80 75 75 77 40 11 69 16 94 92 85 56 14 82 93 82 53 15 57 77 68 59 30 4 93 24 31 91 99 66 35 86 76 80 78 29 79 44 75 1 50 15 32 17 66 17 18 78 90 1 84 75 7 92 72 57 1 89 3 36 24 6 82 6 25 97 31 82 33 22 52 83 97 98 60 97 96 64 58 97 8 98 93 26 75 24 95 0 59 96 75 43 88 61 93 30 20 41 52 44 88 9 82 23 69 98 58 48 52 10 69 4 39 62 95 55 2 64 9 69 73 40 16 11 93 7 65 32 82 77 99 2 93 60 43 40 35 86 14 61 47 39 67 13 12 81 38 63 31 4 45 24 98 16 56 30 80 79 54 25 57 67 44 13 81 13 38 88 67 72 65 11 93 48 33 63 18 21 98 99 81 84 25 11 27 34 15 36 21 75 4 27 85 95 58 56 34 74 45 90 59 67 53 83 21 31 76 48 66 9 47 27 56 45 94 82 14 30 25 97 24 23 7 29 67 63 82 39 2 29 73 77 96 37 55 82 23 47 8 0 81 91 46 49 13 0 77 17 58 69 20 3 2 17 94 40 19 2 59 40 50 0 49 95 27 30 26 56 56 16 83 98 0 97 81 53 80 53 89 22 62 95 60 58 40 3 99 83 18 77 24 29 60 44 99 68 3 37 52 32 87 18 47 14 12 55 18 38 93 68 26 1 4 47 53 17 19 8 50 39 98 12 4 89 47 9 78 94 38 26 57 89 99 50 50 89 51 4 50 19 31 50 39 93 33 49 75 3 60 63 78 13 83 86 33 97 3 24 2 71 65 87 33 98 68 44 97 54 49 68 95 49 46 32 72 35 65 21 94 67 24 94 41 55 42 6 62 87 78 87 92 35 19 33 50 30 65 2 13 66 28 99 4 36 56 33 68 38 53 66 15 4 26 44 52 28 22 41 67 40 34 20 81 91 67 8 36 81 89 37 89 39 39 39 68 26 72 42 69 71 6 96 40 46 80 34 80 80 28 83 86 40 2 82 51 98 21 82 95 33 74 68 82 22 99 72 87 57 83 72 11 30 99 77 66 88 94 86 69 76 97 58 84 36 64 29 85 86 10 3 19 60 56 65 53 62 10 3 19 24 56 35 71 66 67 96 61 54 44 22 56 92 69 56 96 27 19 85 53 5 82 27 91 98 15 13 95 49 42 41 72 27 9 73 40 29 31 73 19 2 26 87 85 31 10 86 63 82 95 50 33 31 60 92 81 61 55 52 27 7 90 1 7 40 70 16 3 69 84 30 56 6 74 5 80 66 76 79 37 61 58 72 81 73 98 42 96 13 42 26 8 63 43 24 49 11 73 92 64 65 73 48 75 97 77 48 51 57 9 18 41 68 88 39 0 10 66 25 36 27 19 15 15 5 0 45 27 5 79 67 85 59 33 59 98 32 77 81 83 23 65 1 81 72 10
    ->
7 1 7 1 7 7 7 7 6 7 6 7 4 6 6 1 7 0 7 0 7 3 0 7 6 7 0 7 7 7 0 3 7 0 7 7 6 7 0 7 6 6 7 2 7 6 7 7 0 2 7 7 0 6 7 0 6 1 7 7 7 2 2 0 7 7 0 1 6 0 7 2 7 7 1 7 4 7 6 7 3 7 4 7 2 7 0 7 7 5 6 7 7 7 5 5 6 7 0 7 1 1 3 7 2 7 7 7 1 7 6 6 5 0 7 7 2 7 1 0 1 6 6 6 7 7 7 0 7 5 1 0 7 7 6 7 1 7 1 0 1 3 7 7 6 7 5 0 1 1 7 7 2 2 7 1 1 6 1 5 7 7 0 7 1 7 7 7 0 1 1 6 7 1 7 1 3 6 7 7 5 7 2 7 0 6 7 7 1 6 1 7 7 6 7 7 7 0 1 7 2 6 0 1 2 7 0 7 7 5 1 1 7 6 0 7 7 7 6 7 6 7 7 7 0 7 7 6 0 7 0 7 7 1 0 0 7 0 7 0 5 7 6 3 6 7 1 7 6 6 7 1 7 7 7 7 1 7 6 4 7 7 1 1 5 7 1 6 7 1 7 6 7 7 6 6 2 1 6 6 6 1 7 0 6 5 6 0 6 1 0 7 1 7 7 1 7 6 1 7 7 6 7 6 7 0 5 7 7 2 6 6 6 0 7 7 1 6 7 7 2 7 2 1 4 7 7 7 6 6 6 1 0 6 6 7 6 6 5 7 2 7 7 6 7 7 2 6 7 7 1 6 1 3 7 7 7 7 7 6 0 7 1 7 7 7 7 1 7 7 7 7 1 7 7 7 7 3 0 7 1 3 7 7 7 5 7 7 7 7 2 7 6 7 0 6 1 4 1 7 1 1 7 7 0 7 7 0 7 7 7 0 7 0 5 1 0 7 0 2 7 3 7 4 1 7 7 7 7 7 7 7 7 7 7 0 7 7 2 7 1 7 0 7 7 7 6 7 7 7 3 1 6 7 6 7 0 7 1 7 7 7 6 7 0 7 0 6 7 7 7 0 7 0 7 7 6 1 0 7 0 7 4 7 7 7 0 7 7 6 6 5 7 1 7 6 6 7 1 1 7 6 7 3 0 6 1 7 1 7 3 7 7 7 2 7 7 6 1 7 1 6 7 7 7 7 0 7 6 4 7 1 1 7 7 7 7 2 0 2 5 1 5 1 7 0 2 7 7 7 7 5 7 6 7 7 7 7 7 1 3 7 6 7 0 6 2 7 6 7 7 1 3 2 7 1 1 0 2 7 7 7 6 0 2 7 7 7 5 7 7 1 6 0 0 7 7 6 6 1 0 7 1 7 7 1 0 0 1 7 6 1 0 7 6 6 0 6 7 2 3 2 7 7 1 7 7 0 7 7 7 7 7 7 1 7 7 7 7 6 0 7 7 1 7 1 2 7 6 7 7 0 5 7 4 7 1 6 1 1 7 1 6 7 7 2 0 0 6 7 1 1 0 6 6 7 1 0 7 6 0 7 7 6 2 7 7 7 6 6 7 6 0 6 1 3 6 6 7 4 6 7 0 7 7 7 1 7 7 4 7 0 1 0 7 7 7 4 7 7 6 7 7 6 7 7 6 6 4 7 5 7 1 7 7 1 7 6 7 6 0 7 7 7 7 7 5 1 4 6 3 7 0 1 7 2 7 0 5 7 4 7 6 7 7 1 0 2 6 7 2 1 6 7 6 5 1 7 7 7 0 5 7 7 5 7 6 6 6 7 2 7 6 7 7 0 7 6 6 7 5 7 7 2 7 7 6 0 7 6 7 1 7 7 4 7 7 7 1 7 7 7 7 7 7 0 3 7 7 7 7 7 7 7 7 7 7 7 5 7 2 7 7 0 0 1 7 7 7 7 7 0 0 1 1 7 5 7 7 7 7 7 7 6 1 7 7 7 7 7 2 1 7 7 0 7 2 7 7 1 1 7 6 6 6 7 2 0 7 6 2 3 7 1 0 2 7 7 3 0 7 7 7 7 6 4 3 7 7 7 7 7 7 2 0 7 0 0 6 7 1 0 7 7 3 7 0 7 0 7 7 7 7 5 7 7 7 7 7 7 6 7 1 6 2 0 7 6 1 6 0 7 7 7 7 7 6 7 7 7 6 6 7 0 1 6 7 7 6 0 0 7 2 5 2 1 1 1 0 0 6 2 0 7 7 7 7 4 7 7 4 7 7 7 1 7 0 7 7 0